123456|Exness
1283838|Exness
270851786
159839712
270777754
263243734
257260925
183824548
159796757 | Exness
257271460 | Exness
159835272 | Exness
183794057 | Exness
257254658|Exness
257285366
263281532|Exness
257221807|exness
183749331|exness
183794196
263270615
183794236
159840648
159840714
263286107
159829026|Exness
159824298 |exness
183786333
183824106
263290939
257285556|exness
183813871|Exness
433049364
415195305
159863999|exness
263061377|Exness
114135532
159851271
37278811
159830014|Exness
103235099|Exness
257285605
159864541
263278251
183824485
159864654
183769868
159864674
263277177
183671736|Exness
183439195|Exness
263276832
263255061
257285712
211073361
263255465 | exness
183764531
